[gd_scene format=3 uid="uid://b38wx223fpw4j"]

[ext_resource type="Script" uid="uid://d283562d8jfwr" path="res://scenes/main.gd" id="1_jyhfs"]
[ext_resource type="Script" uid="uid://b02t6gywdk6or" path="res://scenes/ui.gd" id="1_o5qli"]
[ext_resource type="PackedScene" uid="uid://du4qlnscom4ky" path="res://scenes/satellite.tscn" id="1_sugp2"]
[ext_resource type="Texture2D" uid="uid://bysqtk1tq1vtt" path="res://assets/2d/Skybox.png" id="1_wtf69"]
[ext_resource type="Script" uid="uid://d0bio7o1cli4j" path="res://scenes/camera.gd" id="2_0wfyh"]
[ext_resource type="PackedScene" uid="uid://cktp5g6k57ixp" path="res://assets/3d/planet.blend" id="2_jyhfs"]
[ext_resource type="PackedScene" uid="uid://bxcrwy3r46arb" path="res://assets/3d/moon.blend" id="3_tbgi4"]
[ext_resource type="Script" uid="uid://buigx61apn7fw" path="res://assets/3d/moon.gd" id="4_tefeu"]

[sub_resource type="PanoramaSkyMaterial" id="PanoramaSkyMaterial_jyhfs"]
panorama = ExtResource("1_wtf69")

[sub_resource type="Sky" id="Sky_tbgi4"]
sky_material = SubResource("PanoramaSkyMaterial_jyhfs")

[sub_resource type="Environment" id="Environment_sgp6g"]
background_mode = 2
sky = SubResource("Sky_tbgi4")

[sub_resource type="SphereShape3D" id="SphereShape3D_o5qli"]
radius = 500.0

[sub_resource type="Curve3D" id="Curve3D_tipki"]
closed = true
_data = {
"points": PackedVector3Array(250, 0, -250, -250, 0, 250, -500, 0, -500, -250, 0, -250, 250, 0, 250, -500, 0, 500, -250, 0, 250, 250, 0, -250, 500, 0, 500, 250, 0, 250, -250, 0, -250, 500, 0, -500),
"tilts": PackedFloat32Array(0, 0, 0, 0)
}
point_count = 4

[sub_resource type="StandardMaterial3D" id="StandardMaterial3D_ya4ey"]

[sub_resource type="Curve3D" id="Curve3D_choun"]
closed = true
_data = {
"points": PackedVector3Array(300, 0, -300, -300, 0, 300, -600, 0, -600, -300, 0, -300, 300, 0, 300, -600, 0, 600, -300, 0, 300, 300, 0, -300, 600, 0, 600, 300, 0, 300, -300, 0, -300, 600, 0, -600),
"tilts": PackedFloat32Array(0, 0, 0, 0)
}
point_count = 4

[sub_resource type="Curve3D" id="Curve3D_ya4ey"]
closed = true
_data = {
"points": PackedVector3Array(325, 0, -325, -325, 0, 325, -650, 0, -650, -325, 0, -325, 325, 0, 325, -650, 0, 650, -325, 0, 325, 325, 0, -325, 650, 0, 650, 325, 0, 325, -325, 0, -325, 650, 0, -650),
"tilts": PackedFloat32Array(0, 0, 0, 0)
}
point_count = 4

[node name="Main" type="Node" unique_id=8165444]
script = ExtResource("1_jyhfs")

[node name="World" type="Node3D" parent="." unique_id=1994692815]

[node name="Env" type="Node3D" parent="World" unique_id=639823162]

[node name="DirectionalLight3D" type="DirectionalLight3D" parent="World/Env" unique_id=500747602]
transform = Transform3D(-0.8660254, -0.43301278, 0.25, 0, 0.49999997, 0.86602545, -0.50000006, 0.75, -0.43301266, 0, 0, 0)
shadow_enabled = true

[node name="WorldEnvironment" type="WorldEnvironment" parent="World/Env" unique_id=298647302]
environment = SubResource("Environment_sgp6g")

[node name="Planet" type="StaticBody3D" parent="World" unique_id=1859286445]

[node name="CollisionShape3D" type="CollisionShape3D" parent="World/Planet" unique_id=621919284]
shape = SubResource("SphereShape3D_o5qli")

[node name="planet" parent="World/Planet" unique_id=1344105828 instance=ExtResource("2_jyhfs")]
transform = Transform3D(0.9, 0, 0, 0, 0.9, 0, 0, 0, 0.9, 0, 0, 0)

[node name="moon" parent="World/Planet" unique_id=1467769644 instance=ExtResource("3_tbgi4")]
transform = Transform3D(1, 0, 0, 0, 1, 0, 0, 0, 1, -1534.236, 0, 0)
script = ExtResource("4_tefeu")

[node name="Satellites" type="Node3D" parent="World/Planet" unique_id=1428361193]

[node name="Path3D" type="Path3D" parent="World/Planet/Satellites" unique_id=957064632]
transform = Transform3D(1, 0, 0, 0, 0.9659258, -0.25881904, 0, 0.25881904, 0.9659258, 0, 0, 0)
curve = SubResource("Curve3D_tipki")

[node name="PathFollow3D" type="PathFollow3D" parent="World/Planet/Satellites/Path3D" unique_id=1765511152]
transform = Transform3D(-0.7071051, 0, 0.7071051, 0, 1, 0, -0.7071051, 0, -0.7071051, -500, 0, -500)

[node name="Satellite" parent="World/Planet/Satellites/Path3D/PathFollow3D" unique_id=434412478 instance=ExtResource("1_sugp2")]
transform = Transform3D(1.0000024, 0, 0, 0, 1.0000002, 0, 0, 0, 1.0000023, 0, 0, 0)

[node name="CSGPolygon3D" type="CSGPolygon3D" parent="World/Planet/Satellites/Path3D" unique_id=534762476]
transform = Transform3D(1, 0, 0, 0, 0.9659258, 0.25881904, 0, -0.25881904, 0.9659258, 0, 0, 0)
mode = 2
path_node = NodePath("..")
path_interval_type = 0
path_interval = 1.0
path_simplify_angle = 0.0
path_rotation = 2
path_rotation_accurate = false
path_local = false
path_continuous_u = true
path_u_distance = 1.0
path_joined = false
material = SubResource("StandardMaterial3D_ya4ey")

[node name="Path3D2" type="Path3D" parent="World/Planet/Satellites" unique_id=313585038]
curve = SubResource("Curve3D_choun")

[node name="PathFollow3D" type="PathFollow3D" parent="World/Planet/Satellites/Path3D2" unique_id=1732977435]
transform = Transform3D(-0.70710665, 0, 0.70710665, 0, 1, 0, -0.70710665, 0, -0.70710665, -600, 0, -600)

[node name="Satellite" parent="World/Planet/Satellites/Path3D2/PathFollow3D" unique_id=2134328555 instance=ExtResource("1_sugp2")]
speed = 150.0

[node name="CSGPolygon3D" type="CSGPolygon3D" parent="World/Planet/Satellites/Path3D2" unique_id=570443404]
mode = 2
path_node = NodePath("..")
path_interval_type = 0
path_interval = 1.0
path_simplify_angle = 0.0
path_rotation = 2
path_rotation_accurate = false
path_local = false
path_continuous_u = true
path_u_distance = 1.0
path_joined = false

[node name="Path3D3" type="Path3D" parent="World/Planet/Satellites" unique_id=2104374244]
transform = Transform3D(1, 0, 0, 0, 0.64278764, -0.76604444, 0, 0.76604444, 0.64278764, 0, 0, 0)
curve = SubResource("Curve3D_ya4ey")

[node name="PathFollow3D" type="PathFollow3D" parent="World/Planet/Satellites/Path3D3" unique_id=245595815]
transform = Transform3D(-0.7071067, 0, 0.7071067, 0, 1, 0, -0.7071067, 0, -0.7071067, -650, 0, -650)

[node name="Satellite" parent="World/Planet/Satellites/Path3D3/PathFollow3D" unique_id=1118772254 instance=ExtResource("1_sugp2")]

[node name="CSGPolygon3D" type="CSGPolygon3D" parent="World/Planet/Satellites/Path3D3" unique_id=2043161800]
transform = Transform3D(1, 0, 0, 0, 0.64278764, 0.76604444, 0, -0.76604444, 0.64278764, 0, 0, 0)
mode = 2
path_node = NodePath("..")
path_interval_type = 0
path_interval = 1.0
path_simplify_angle = 0.0
path_rotation = 2
path_rotation_accurate = false
path_local = false
path_continuous_u = true
path_u_distance = 1.0
path_joined = false

[node name="Camera" type="Node3D" parent="World" unique_id=1725945604 node_paths=PackedStringArray("focus")]
script = ExtResource("2_0wfyh")
camera_sensitivity = 2.0
focus = NodePath("../Planet/Satellites/Path3D/PathFollow3D/Satellite")

[node name="Pivot" type="Node3D" parent="World/Camera" unique_id=353975901]

[node name="Camera3D" type="Camera3D" parent="World/Camera/Pivot" unique_id=1693231485]

[node name="UI" type="Control" parent="." unique_id=1947374811]
layout_mode = 3
anchors_preset = 0
offset_right = 40.0
offset_bottom = 40.0
script = ExtResource("1_o5qli")
